Tests were performed using a single processor on a
1.7 GHz AMD Athlon(tm) X4 860K Quad Core Processor

Composition : Average success wall time (in seconds)

Ti1O2       :   0.001200
Ti5O10      :   0.029858
Ti10O20     :   0.170963
Ti15O30     :   2.918100
Ti20O40     :   0.406279
Ti25O50     :   1.929870
Ti30O60     :   0.939119
Ti35O70     : 136.3770
